LSH: 0.026485919952392578 s
NN: 0.4072427749633789 s
