LSH: 0.0008716583251953125 s
NN: 0.0007510185241699219 s
